1.000 0.556 0.778 0.444 0.444 0.444 0.778 0.111 0.148 0.375 0.500 0.375 0.667 0.312 0.444 
0.778 1.000 0.292 0.750 0.444 0.333 0.333 0.625 0.500 0.625 0.625 0.444 0.444 0.875 0.167 
0.667 1.000 1.000 0.889 1.000 0.667 0.519 0.296 0.556 0.395 0.296 0.593 0.667 0.444 0.370 
0.667 0.148 0.111 1.000 0.667 0.333 0.444 0.111 0.667 0.750 0.278 0.556 0.667 0.370 0.250 
0.444 1.000 0.333 0.889 1.000 1.000 0.395 0.309 0.556 0.333 0.222 0.296 0.395 0.444 0.556 
0.519 1.000 0.356 0.889 0.778 1.000 0.370 0.309 0.556 0.333 0.296 0.444 0.519 0.444 0.556 
0.333 0.889 0.400 0.778 0.222 0.444 1.000 0.312 0.444 0.346 0.148 0.519 0.296 0.333 0.375 
0.519 0.889 0.778 0.778 0.778 0.333 0.556 1.000 0.444 0.296 0.148 0.667 0.778 0.333 0.250 
1.000 0.444 0.333 0.333 1.000 0.222 0.778 0.463 1.000 0.333 0.333 0.889 1.000 0.556 0.111 
0.444 0.667 0.444 0.556 0.667 0.267 0.444 0.667 0.222 1.000 0.333 0.556 0.667 0.148 0.222 
0.519 0.778 0.267 0.667 0.778 1.000 0.593 0.533 0.395 0.296 1.000 0.667 0.778 0.247 0.556 
0.593 0.889 0.729 0.778 0.370 0.667 0.625 0.938 0.444 0.444 0.444 1.000 0.556 0.593 0.333 
0.370 0.889 0.356 0.778 0.667 0.333 0.375 0.375 0.444 0.222 0.222 0.375 1.000 0.370 0.111 
0.648 0.556 0.667 0.444 0.444 0.711 0.519 0.889 0.346 0.444 0.556 0.333 0.519 1.000 0.444 
0.593 1.000 0.667 0.889 0.889 0.296 0.444 0.494 0.556 0.333 0.309 0.519 0.593 0.444 1.000 
