матриця індексів узгодження C
0.000 0.628 0.884 0.651 0.860 0.953 0.884 0.791 0.605 0.721 0.860 0.860 0.884 0.767 0.907 
0.419 0.000 0.814 0.581 0.628 0.674 0.628 0.605 0.581 0.605 0.767 0.721 0.442 0.698 0.674 
0.163 0.302 0.000 0.116 0.535 0.674 0.209 0.163 0.419 0.233 0.326 0.419 0.256 0.233 0.628 
0.535 0.512 0.953 0.000 0.767 0.814 0.674 0.860 0.767 0.814 0.907 0.721 0.628 0.535 0.860 
0.326 0.512 0.767 0.326 0.000 0.744 0.372 0.395 0.512 0.326 0.419 0.581 0.419 0.349 0.721 
0.302 0.326 0.721 0.209 0.581 0.000 0.279 0.442 0.465 0.279 0.395 0.419 0.279 0.279 0.907 
0.163 0.419 0.814 0.349 0.628 0.767 0.000 0.581 0.605 0.419 0.465 0.674 0.651 0.419 0.814 
0.209 0.512 0.837 0.233 0.698 0.698 0.651 0.000 0.395 0.419 0.628 0.651 0.512 0.256 0.791 
0.442 0.419 0.721 0.233 0.791 0.651 0.488 0.605 0.000 0.581 0.512 0.767 0.628 0.581 0.791 
0.279 0.465 0.767 0.326 0.721 0.721 0.581 0.884 0.512 0.000 0.814 0.814 0.558 0.442 0.930 
0.209 0.326 0.767 0.186 0.814 0.767 0.721 0.791 0.535 0.372 0.000 0.674 0.605 0.209 0.767 
0.186 0.326 0.628 0.279 0.442 0.581 0.535 0.558 0.326 0.279 0.349 0.000 0.442 0.419 0.512 
0.349 0.581 0.744 0.395 0.860 0.860 0.767 0.698 0.605 0.442 0.512 0.814 0.000 0.442 0.907 
0.628 0.512 0.767 0.465 0.651 0.721 0.581 0.744 0.419 0.605 0.791 0.744 0.581 0.000 0.814 
0.093 0.419 0.721 0.140 0.512 0.442 0.186 0.302 0.233 0.070 0.256 0.488 0.093 0.302 0.000
матриця індексів неузгодження D
1.000 0.556 0.778 0.444 0.444 0.444 0.778 0.111 0.148 0.375 0.500 0.375 0.667 0.312 0.444 
0.778 1.000 0.292 0.750 0.444 0.333 0.333 0.625 0.500 0.625 0.625 0.444 0.444 0.875 0.167 
0.667 1.000 1.000 0.889 1.000 0.667 0.519 0.296 0.556 0.395 0.296 0.593 0.667 0.444 0.370 
0.667 0.148 0.111 1.000 0.667 0.333 0.444 0.111 0.667 0.750 0.278 0.556 0.667 0.370 0.250 
0.444 1.000 0.333 0.889 1.000 1.000 0.395 0.309 0.556 0.333 0.222 0.296 0.395 0.444 0.556 
0.519 1.000 0.356 0.889 0.778 1.000 0.370 0.309 0.556 0.333 0.296 0.444 0.519 0.444 0.556 
0.333 0.889 0.400 0.778 0.222 0.444 1.000 0.312 0.444 0.346 0.148 0.519 0.296 0.333 0.375 
0.519 0.889 0.778 0.778 0.778 0.333 0.556 1.000 0.444 0.296 0.148 0.667 0.778 0.333 0.250 
1.000 0.444 0.333 0.333 1.000 0.222 0.778 0.463 1.000 0.333 0.333 0.889 1.000 0.556 0.111 
0.444 0.667 0.444 0.556 0.667 0.267 0.444 0.667 0.222 1.000 0.333 0.556 0.667 0.148 0.222 
0.519 0.778 0.267 0.667 0.778 1.000 0.593 0.533 0.395 0.296 1.000 0.667 0.778 0.247 0.556 
0.593 0.889 0.729 0.778 0.370 0.667 0.625 0.938 0.444 0.444 0.444 1.000 0.556 0.593 0.333 
0.370 0.889 0.356 0.778 0.667 0.333 0.375 0.375 0.444 0.222 0.222 0.375 1.000 0.370 0.111 
0.648 0.556 0.667 0.444 0.444 0.711 0.519 0.889 0.346 0.444 0.556 0.333 0.519 1.000 0.444 
0.593 1.000 0.667 0.889 0.889 0.296 0.444 0.494 0.556 0.333 0.309 0.519 0.593 0.444 1.000
Значення порогів для індексів узгодження та неузгодження c, d
0.660 0.461
Відношення для порогових значень c, d:
 0  0  0  0  1  1  0  1  0  1  0  1  0  1  1 
 0  0  1  0  0  1  0  0  0  0  0  1  0  0  1 
 0  0  0  0  0  0  0  0  0  0  0  0  0  0  0 
 0  0  1  0  0  1  1  1  0  0  1  0  0  0  1 
 0  0  1  0  0  0  0  0  0  0  0  0  0  0  0 
 0  0  1  0  0  0  0  0  0  0  0  0  0  0  0 
 0  0  1  0  0  1  0  0  0  0  0  0  0  0  1 
 0  0  0  0  0  1  0  0  0  0  0  0  0  0  1 
 0  0  1  0  0  0  0  0  0  0  0  0  0  0  1 
 0  0  1  0  0  1  0  0  0  0  1  0  0  0  1 
 0  0  1  0  0  0  0  0  0  0  0  0  0  0  0 
 0  0  0  0  0  0  0  0  0  0  0  0  0  0  0 
 0  0  1  0  0  1  1  1  0  0  0  1  0  0  1 
 0  0  0  0  0  0  0  0  0  0  0  1  0  0  1 
 0  0  0  0  0  0  0  0  0  0  0  0  0  0  0 
Ядро відношення:
1 2 4 9 13