 0.000  0.628  0.884  0.651  0.860  0.953  0.884  0.791  0.605  0.721  0.860  0.860  0.884  0.767  0.907 
 0.419  0.000  0.814  0.581  0.628  0.674  0.628  0.605  0.581  0.605  0.767  0.721  0.442  0.698  0.674 
 0.163  0.302  0.000  0.116  0.535  0.674  0.209  0.163  0.419  0.233  0.326  0.419  0.256  0.233  0.628 
 0.535  0.512  0.953  0.000  0.767  0.814  0.674  0.860  0.767  0.814  0.907  0.721  0.628  0.535  0.860 
 0.326  0.512  0.767  0.326  0.000  0.744  0.372  0.395  0.512  0.326  0.419  0.581  0.419  0.349  0.721 
 0.302  0.326  0.721  0.209  0.581  0.000  0.279  0.442  0.465  0.279  0.395  0.419  0.279  0.279  0.907 
 0.163  0.419  0.814  0.349  0.628  0.767  0.000  0.581  0.605  0.419  0.465  0.674  0.651  0.419  0.814 
 0.209  0.512  0.837  0.233  0.698  0.698  0.651  0.000  0.395  0.419  0.628  0.651  0.512  0.256  0.791 
 0.442  0.419  0.721  0.233  0.791  0.651  0.488  0.605  0.000  0.581  0.512  0.767  0.628  0.581  0.791 
 0.279  0.465  0.767  0.326  0.721  0.721  0.581  0.884  0.512  0.000  0.814  0.814  0.558  0.442  0.930 
 0.209  0.326  0.767  0.186  0.814  0.767  0.721  0.791  0.535  0.372  0.000  0.674  0.605  0.209  0.767 
 0.186  0.326  0.628  0.279  0.442  0.581  0.535  0.558  0.326  0.279  0.349  0.000  0.442  0.419  0.512 
 0.349  0.581  0.744  0.395  0.860  0.860  0.767  0.698  0.605  0.442  0.512  0.814  0.000  0.442  0.907 
 0.628  0.512  0.767  0.465  0.651  0.721  0.581  0.744  0.419  0.605  0.791  0.744  0.581  0.000  0.814 
 0.093  0.419  0.721  0.140  0.512  0.442  0.186  0.302  0.233  0.070  0.256  0.488  0.093  0.302  0.000 
